0.6889751393770435
0.7142818275186205
0.7110355370437976
0.7035058186840766
0.6987487277419296
0.7022735368959683
0.701806944362896
0.6985317056941003
0.7012867150232964
0.6993755489280543
0.6989637269187219
0.6987909143118515
0.6980238947057232
0.6978714917738413
0.6985377005695068
0.6977145613468799
0.6977870252329049
0.6979178770915749
0.6983452476177019
0.6979767836860775
0.6972451928964595
0.6980817293383411
0.6973529666969457
0.6970318199433002
0.6972603675016423
0.6973631234513116
0.6979571184546677
0.69778463828195
0.698068065434387
0.6977905769323566
