0.6567140880626502
0.7199821598136548
0.7155634717842967
0.6925094874249291
0.6951948806797106
0.7012863030138704
0.7179310539948571
0.6984096983658898
0.7091197896863997
0.7017970395456884
0.7012093909007987
0.702536867451422
0.7022040710621273
0.7007232984316718
0.7092052409329366
0.6996952688571104
0.6937689056101534
0.7084460243121865
0.6952493236851447
0.7005684775175508
0.6967252056623242
0.6992526601270302
0.69802544626993
0.6992891449289224
0.7026728744973841
0.7026742776644599
0.7045339296773537
0.6994229828573993
0.6993986156183419
0.6992493007600922
