0.6988021719087031
0.7129049768152925
0.7035528455198425
0.7005665277697376
0.7023846018560154
0.7016014625731203
0.7012024700027151
0.699272176346828
0.6991301452376179
0.6993294315239817
0.6995741691171509
0.6982456255204899
0.6982921205230594
0.6991952547093028
0.6978672106855923
0.6978204419317934
0.7002748582780975
0.6978642534963864
0.6976265440282133
0.6980273035383716
0.6980839995379301
0.6989987842815438
0.6982765471197895
0.6981825696438858
0.6977442675030109
0.6980949735518583
0.6977537010133881
0.6975049566976803
0.6974258542675333
0.6973642759101907
0.6971331890096369
0.6973929266954205
0.6979359824632861
0.696983977384174
0.696856709177961
0.697395725963042
0.6979425896688835
0.6968933623476127
0.6975499483727917
0.6974173830342048
0.6969874869916857
0.6985929685155141
0.6975580232659566
0.6985183253730696
0.6968191395100859
0.6962883073030058
0.6981533415538749
0.6975674598487382
0.6973185376408174
0.6975815259304243
