0.6461388997195923
0.7287576367560121
0.7037547817549754
0.691361095487457
0.6928345653199658
0.7035060196193224
0.7066219593446279
0.6989799983722648
0.6955869999743
0.702610540635807
0.701122444315055
0.6966428996361408
0.7060404859252811
0.7001916243857944
0.7095916925631848
0.6975672991619897
0.7121623791370195
0.7060720539584602
0.7010138673880666
0.6993758666146662
0.7015132983935248
0.6974133047246441
0.6970621172300319
0.704699470824802
0.6981461598086602
0.6980065396151591
0.7017739522702915
0.6974417281519506
0.6994322360176402
0.7002417669468319
0.7004457245167998
0.7035837234910002
0.7036990259111542
0.698266805447254
0.6999482985624333
0.6994716798521808
0.6974718245034365
0.7007360479880854
0.6994791206010839
0.7001566782440107
0.6997914344994063
0.7043656043170654
0.7011203839606845
0.6991190108441815
0.6997006372692659
0.7053205423133889
0.7023852292409877
0.7021004886356825
0.6992147193127072
0.7014933034931261
