0.6932014509574654
0.7130582578403434
0.7014888737005057
0.7019391938583138
0.6991689152938804
0.6976660182795573
0.697451292546754
0.7002776504791889
0.6988971251802346
0.6975413149165124
0.6971865585169841
0.6959597449941733
0.6964989869864946
0.6984034033165765
0.6973751319437912
0.6975570966287986
0.6978016624745634
0.6975290388176122
0.6969447873302341
0.6973795503685155
0.6968998629407784
0.6975098504233606
0.6970748354479209
0.697368579734232
0.6979974449909839
0.6976938963550883
0.6966650765581229
0.6980251669883728
0.6970077055631224
0.6978644750167414
