0.6669458508798757
0.6948799094588486
0.7060269396944144
0.7009942248924491
0.6977278344409982
0.6941914079115563
0.7006416357669634
0.7013645122960671
0.6997600462018829
0.6958767572014602
0.7046690137730431
0.7094480619602597
0.7057418005982625
0.7053853976972324
0.7020408031866723
0.701056135991185
0.6990033182286725
0.7025840660345923
0.6961089274317948
0.6981637895721751
0.7027831480060656
0.6967281812859565
0.7016556419662594
0.6986713071459347
0.7006890776845598
0.7017780646835405
0.6991645755227079
0.7003761403953906
0.7020882577011266
0.7029301478076226
