0.6270425497871084
0.5949392355594438
0.5683107929131419
0.549444315052524
0.5388115318780092
0.539755927840459
0.5534693488140696
0.5755448746927005
0.6010812908103785
0.6234235791201445
0.6396395920478192
0.6497441333593782
0.6545811790166441
0.6550703208471081
0.6536688546544498
0.6509519373018717
0.6470854125686527
0.6456786083806422
0.6452633179340166
0.6451957299537265
0.6464215231310461
0.6470288858585751
0.6477372766155558
0.646477792680878
0.6441515441407862
0.641821658181161
0.6402184327238614
0.6404757797718048
0.6414443116212628
0.6436651834507578
