0.691963287051191
0.6839651692773878
0.6718499181196862
0.6532401866519574
0.6262894346541965
0.5910002291202545
0.5505487476427531
0.5116835325649104
0.482676699757576
0.4681663972508047
0.4673592380641662
0.4780370719039563
0.49724598966308475
0.5228529425011468
0.5528613027838087
0.5835883119671615
0.61382626350393
0.6373399987663191
0.6543847377767268
0.6640285735892266
0.669740278389036
0.6720389545578318
0.6706586317303255
0.6680128018266147
0.668913376085537
0.6719661511711239
0.674587290311597
0.6761326980345028
0.6785690692282215
0.6777205242938602
