0.6727748392808317
0.7333114791398097
0.7180705100598962
0.7187806253481392
0.7060261212214075
0.7089520223212965
0.7082794194269662
0.701592703058262
0.7055071146801265
0.7024544507566125
0.7039562572132457
0.7047537252156422
0.7056719919647834
0.7010363623349354
0.7033306576988914
0.6996341130950234
0.703318836111011
0.7006469284645235
0.701231305647378
0.7021190271233068
0.7036075965322629
0.7016083279041329
0.7028918344565113
0.7006488063118674
0.7021557309410789
0.7011423333726748
0.7017722810157622
0.7006789656600567
0.7016136104410345
0.702513737509949
0.7006881586228958
0.701563157216467
0.7006617640004014
0.7008138768600695
0.7016611412318066
0.7007173841649835
0.7016133455315021
0.7011322090120027
0.7008790909641921
0.7012407803776288
0.7012006068470502
0.70114594336712
0.7014403012063768
0.6997747144313774
0.7018687839459892
0.6998889735250762
0.7006594291841141
0.7007445265548398
0.7008952739262821
0.7005281442343586
0.7016360205833359
0.6993119638375561
0.7008217868178782
0.7003121297768872
0.7003896320709074
0.6976069230021853
0.7032295609965469
0.7001597821110427
0.7008410788545705
0.7013982161126956
0.7013335902281482
0.6971952493744668
0.6988121433691545
0.7041104086721787
0.7002443653164487
0.7004157455280574
0.7027962803840637
0.7007427010873352
0.7041279390604809
0.6988456526187935
0.7000725805157363
0.6994487926213429
0.7008511719077525
0.7005341173422457
0.7009670409289274
0.7016836525213839
0.7023175744095234
0.6998345340141142
0.6983920359852338
0.7053140004475912
0.6991519711234353
0.6997301265446827
0.6997835371229384
0.7011168864038255
0.7018426632640338
0.7021367248862681
0.702026326849003
0.7003895682517929
0.7017788417411573
0.6963562363325947
0.7017564942138363
0.6990508485322047
0.7012370927165253
0.7011726149404892
0.7001844475967716
0.7016778257158067
0.7009917618048311
0.7004463311397668
0.7010891786729446
0.6998148157139017
0.7009425446240589
0.6998565883347483
0.7021259533034431
0.7003018765738516
0.702727573086517
0.7015381563793529
0.7013184657000532
0.7014325206929987
0.7001067538454075
0.6999927873563285
0.7000804675949944
0.7023724281426632
0.7017423022877086
0.7004878960474573
0.7007947118595393
0.7001698661332179
0.7021871209144592
0.7014133406407905
0.7001425461335615
0.7005622700007275
0.6995382724386273
0.7003308865759108
0.7004345866164776
0.7006808121999105
0.7024372617403666
0.7005737736971691
0.7005423367625535
0.7002331277336737
0.7012052915313027
0.6996009458195079
0.7011228980440082
0.7002709092515887
0.7011389238665803
0.7004144540940872
0.7009272063621367
0.699945785782554
0.7009070551756656
0.7016628511024244
0.7012268268700802
0.7012413499331234
0.7004730514805726
0.6997632161535398
0.7007705057510222
0.7023256511399241
0.6990513325941683
0.7017551070511944
0.7013243990715103
0.7005454602867666
0.6998919266642947
0.7007101130003881
0.7011453972922431
0.7005437082714505
0.7009485544580402
0.7009407799653332
0.7019830833781849
0.7002536335376778
0.7003691882798166
0.7020804851946204
0.7017118533452352
0.7000509187428638
0.7002359315602467
0.7008426400146099
0.7006233864360385
0.7009066644341054
0.7006053298410743
0.7016440407194272
0.7011259174106097
0.7022025193830933
0.7013264033529494
0.7006097032566263
0.7008616268032729
0.7003167337841458
0.7002856875910903
0.7007313756027607
0.700222868509967
0.70110382455768
0.7009703071430476
0.699955651856432
0.7010879775490424
0.7004295135989334
0.7013636020698932
0.7005663652612706
0.7010115686089101
0.7001726229985555
0.7004403526132758
0.7013420245864175
0.700442571230609
0.7003242692562065
0.7005449641834606
0.7004566939190181
0.701196277984465
0.7006421131317062
0.7016521764524055
0.7015928740453239
0.7006286689729402
0.7011048173663592
0.7009927130708791
0.7011621191044046
0.7008107948784876
0.7002135786143217
0.7006593304451065
0.7019399127574882
0.7011217216048578
0.7002968450989386
0.7009016377757294
0.7016973585793467
0.7000214276891766
0.7006712212707057
0.700712400253373
0.7008098255504261
0.6996712166853626
0.7019590693290787
0.7009288367598948
0.7011539346039898
0.7012912612972837
0.7010680551480766
0.7015858412993075
0.7011043489581407
0.7011569660119336
0.7019495235549079
0.700248805561451
0.7015631072448961
0.7025178393932304
0.7010797996713658
0.7015169305030746
0.7002755192795185
0.7007754800295589
0.7007543257992677
0.7009531795376479
0.7012590717787694
0.701081673906307
0.6994979784946249
0.7005049405675946
0.7007650353691794
0.7001434871644685
0.7008486956056922
0.7008451470220932
0.7011632630319307
0.7007607125272655
0.7014949761255823
0.6996754678812894
0.701100604702728
0.7027233279112614
0.7006356746259362
0.700347616817012
0.7014992604352007
0.7010050253434614
0.6999537439057322
0.7003328143948256
0.7019457829118979
0.7012940753589977
0.7013280042494187
0.7003306030022978
0.7005179482276993
0.7011731814856481
0.69928636574986
0.7016534504264292
0.7004453335145507
0.7009726251014555
0.7007608257158838
0.700031492445204
0.7011443647471342
0.7001716608952995
0.7010737248141357
0.7008054220315182
0.7009684533783884
0.7005404528945384
0.7003813729141698
0.7007065583961178
0.7017398723448166
0.7003728831657255
0.7004547101078611
0.7000888748602434
0.7011992684518448
0.7006739046838548
0.7001288406776659
0.7015918679911681
0.7008019703807253
0.701314820183648
0.7005139498999624
0.7009018460909525
0.7005590098072784
0.7005642381581393
0.7006171002532496
0.7005342341432668
0.7009759202147975
0.7005937087415445
0.7010056316250503
0.7009989426593588
0.7007672136480158
0.7005421946747135
0.7004828248361145
0.7004305539709149
0.7009182150917824
0.7005914064368817
0.7001755935977204
0.7000144780284226
0.7008584545116232
0.7010136836706989
0.7011109036628647
0.7008115360231111
0.700230481648686
0.7006483360974476
0.7006217951726432
0.7008626786145297
0.7007704636063239
0.701106051603953
0.7013277616163697
0.6993206883921768
0.7002906907688488
0.7005758893610251
0.7003200222747494
0.700725748683467
0.7003055467750087
0.7005715394260907
0.7004905939102173
0.7008199607483064
0.7005308679860047
0.701387487276636
0.7012930006691904
0.7003081049581971
0.7009836712268868
0.7023235372822694
0.6998404463132223
0.7002172283451966
0.70047272395606
0.7007633923280119
0.7017198584296487
0.7001616846431385
0.7017303801546193
0.7017084721362952
0.7011798993505612
0.699531042816663
0.7004613328461695
0.7008709829263012
0.700626593045514
0.7003473880315068
0.7004827748645436
0.7013619969589542
0.7005976167592135
0.7012250357204013
0.7011567787690596
0.7007865767286281
0.7003405949082038
0.7010450477551933
0.700805329915249
0.7003232523648426
0.7000132576383725
0.7005698024624526
0.7005337121510746
0.7006593051582876
0.7011936951165247
0.7019389675121115
0.699775324927436
0.7009167081177837
0.7000381392661972
0.701135212724859
0.7002831607153921
0.7012945257052027
0.7012396960547476
0.7005038700922571
0.7004275737386761
0.700522334888728
0.7006790198460974
0.7007433802190454
0.7003335206195561
0.7007050791172066
0.7005431718296475
0.7009679416213372
0.700390080008844
0.7005566376628298
0.700427694754167
0.7006098013935667
0.7007928303997926
0.7008403274748061
0.6998179241864368
0.7004119946499063
0.7007379790749213
0.7016038370854927
0.7002300674265082
0.7008246153292029
0.7010716783879983
0.7002121962682165
0.7016730531297549
0.7013415140335006
0.7001451283994348
0.700221719765904
0.7012762505598743
0.7003834434229919
0.7004566529784539
0.7006385326385498
0.7017907265460852
0.7002813509016326
0.7000681619451503
0.7009469469388326
0.7003483218376083
0.7009959028224753
0.7003890589030102
0.7000094561865835
0.7009099992838773
0.7006112878972833
0.7004999373898362
0.7008030492850025
0.7003698926983457
0.7012108227219245
0.7005006050822711
0.7008670423970078
0.7006349834528837
0.700238595707248
0.7005828408279804
0.7010311869659809
0.7002410069860593
0.7001750204298232
0.7010151057532339
0.7015388830743655
0.7003754714522699
0.6999806406522038
0.6999392720183941
0.7001719306213687
0.7006968976271273
0.7003960741890801
0.7006795731457797
0.7011120168849675
0.7012394227162756
0.7008888601052641
0.7002957896752791
0.7005395817034172
0.70151096522206
0.7004364951692447
0.7006268892625366
0.7000152396433281
0.7009930538408684
0.7002031773027747
0.7005371951093577
0.7000682420200772
0.7004487291731015
0.7002775386126354
0.7007710975830002
0.7002575427594812
0.700375638826929
0.7007314087164522
0.7001712821950816
0.700217275908499
0.7005522395625259
0.7008222805129157
0.7010261332145845
0.7010483488892064
0.701793802506996
0.7000031326756333
0.7010697577938889
0.7008007963498434
0.7003081386739557
0.7001755556674919
0.7000915588754596
0.7004847671046401
0.7008522953649964
0.7003010029744621
0.7010315608496618
0.7015983052928039
0.7016091804311733
0.7003851460688042
0.7006089085280293
0.7019995776089755
0.7007730266060492
0.6998643688481263
0.7003527741239528
0.7002813135734712
0.7009035192354761
0.7007786667708195
0.7010881690063862
0.7005498818676881
0.7009805531212778
0.7012126849155234
0.6997140314843919
0.7009734541478784
0.7001677992367985
0.700593149421191
0.7005809563578982
0.7004157852644872
0.7003223113339356
0.7000909742682871
0.700433874973143
0.7005461628990944
0.700482149316807
0.7003050163538769
0.7001701924535964
0.7003251621217439
0.7006874897263267
0.700700490161626
0.7005561596215374
0.7005634717266969
0.7007537159052762
0.7006570985822966
0.7003820044825776
0.7011249986561862
0.7014723721176687
0.7012294819860747
0.7007874515321519
0.7013608313570119
0.699771068312905
0.7005077022494692
0.7004013139792163
0.7002636567510739
0.7007353173361884
0.7005343100037238
0.7005599020707487
0.700613321077944
0.7005113158563171
0.7007337266748602
0.7002548581421978
0.7006285630091272
0.7006747818956471
0.7006384724318379
0.7006356228481639
0.7000802135226702
0.7006695294621015
0.7001475956704881
0.7003993145143143
0.7008177427330402
0.7005049417717288
0.7008995239180748
0.7001653181182014
0.7005337886135987
0.7002115695163457
0.7002900333115549
0.6999232353586139
0.7004352801977985
0.7012035642007385
0.7015084070388717
0.7003931589800902
0.7009749641322126
0.699771093599724
0.7000050984247767
0.7009626873815903
0.7008111494960207
0.7009777480905707
0.7009964627448959
0.7005251754413951
0.7001183653118634
0.7010461706103701
0.7000998583706942
0.7004730015090017
0.7004808440352931
0.7001374526457353
0.7005909259873208
0.7000804940859476
0.7007238587947807
0.7006764460091639
0.7006112385277796
0.700877035507048
0.7010587309346055
0.7012970068237998
0.70035111964351
0.7007771603988878
0.700245996316274
0.7008469905516114
0.6999862585404907
0.7006968307976771
0.7002905540996127
0.7004778258728258
0.7002599979891921
0.7007863232583711
0.7003960320443818
0.7000365696772181
0.7005505935110227
0.7004242756149985
0.7005745702319675
0.7007657566455879
0.7006888690620962
0.7002587733846722
0.7006209221753207
0.70030623192739
0.7007248684613392
0.7004879237425448
0.7001752004478917
0.7007845856926658
0.7005228532685174
0.7001223130659624
0.7008434425700795
0.7004774128547823
0.7002353752502287
0.700104701398599
0.700565866749696
0.7004936355533022
0.70040560972811
0.7007273068331709
0.7004622239055056
0.7002464876030431
0.7006261872522759
0.7005988654464183
0.7008809356978445
0.7008667052394212
0.7011263990643049
0.7007916521544408
0.7007486621538798
0.7002005661376799
0.7003469804320672
0.7008789735611038
0.6998346080683698
0.7009396769783713
0.7004744735631075
0.700273911760311
0.7008396025859949
0.7007282039131781
0.700753634024148
0.7007473929963931
0.7010095396427193
0.7004393573963281
0.700486340908089
0.7003497505428815
0.7006525969264483
0.7004696774964381
0.7006438826069687
0.7005014865085332
0.7003211053934965
0.6996311575475366
0.7007867248371394
0.7006310326884492
0.7002946174505985
0.7004456610390635
0.7004933610106959
0.7010540083201244
0.7003289942789559
0.700925653631037
0.7003218934993551
0.7004476508708916
0.7007124074781784
0.7007146044210955
0.7001990302644595
0.7011791250922463
0.7007926762706101
0.7003432391869902
0.7003985149691804
0.6998940730335736
0.7011909737731471
0.7004273563924462
0.700500199289033
0.7006332416727086
0.7008625810796564
0.7002172452030759
0.7007844279510806
0.7003222234321363
0.7011465689148566
0.7002140861569028
0.7003448509206676
0.7001619417257984
0.7003110990379796
0.7008368427103217
0.7003644367661139
0.7004841999574141
0.7002023307964055
0.7003538235269412
0.7003216406311652
0.7007863003798206
0.7008107852454137
0.7005057563685407
0.7002979089515378
0.7010514742196209
0.7004901525950191
0.700606087843577
0.7005663730881431
0.6999895566641682
0.7005703539559336
0.7003749741448296
0.7002533824756892
0.7009839457694931
0.7009773410931982
0.7010048537543325
0.701109670629405
0.699688236520748
0.7005254644336123
0.7008954075851825
0.7004547709166401
0.70060281259845
0.7005405486232102
0.7006051016576362
0.7003134934589116
0.7006144264731744
0.7005102050424826
0.69990304925225
0.7004036241107516
0.7002861915212689
0.7007363167676058
0.7006092234091326
0.7001336523980806
0.7006601366129789
0.7004461571423695
0.701280779308743
0.7002056620337747
0.7002918497480527
0.7002520428763496
0.700483334184897
0.7004299759864807
0.700303083116358
0.7003550017722929
0.7004779625420618
0.700518245046789
0.7009490349076011
0.7000253326965101
0.700545816710501
0.7003795522632021
0.7003947689075662
0.7002645303504635
0.7009602785110474
0.700426151054074
0.7005063373633106
0.700452836474987
0.7005990231880034
0.6999932142219158
0.7006164650724391
0.7003894490425033
0.7007468035726836
0.7001288346569947
0.700441695222951
0.7002588847670892
0.7003573636816005
0.7003995794238467
0.7007770122903766
0.7004123486653723
0.7002924265283527
0.7008421914746062
0.7003648997557284
0.7004830138851897
0.7010610783943022
0.7011851758667917
0.7011272022218416
0.7002623598984997
0.7006141699925817
0.6998551873245624
0.7004588162056123
0.7005716688705214
0.700521479351352
0.7008465414095406
0.7003111038545166
0.7005009332088509
0.7012742974541404
0.7009979233597264
0.700888869738338
0.7009375480690387
0.7001473927738691
0.7004727287725969
0.7007411682244503
0.7000864497338882
0.7004713988063311
0.7003304994467533
0.7004623557582046
0.7005480786766669
0.7002810877983017
0.7003122736709286
0.7005544786501412
0.6999527878231473
0.7003742233671323
0.700757334328661
0.7003147264923713
0.7003494940622889
0.7001482446988424
0.7004030521469887
0.7007039129131972
0.7002509579514012
0.700457710810382
0.7004927782097248
0.7005014208832172
0.7001716602932323
0.7005053337174233
0.7004203453208461
0.70023102832563
0.70035665745687
0.7005015382863055
0.7004646592670016
0.7001687673607258
0.701111133652504
0.7004504793822163
0.7008408446504613
0.7002352644698788
0.70103534785184
0.7007724456112794
0.7007737081460278
0.700546302578666
0.7002981853003454
0.7001389957437611
0.7006667244313943
0.7004284967075695
0.7001772733649823
0.7005758712990116
0.7002742573468372
0.7004618843396505
0.7004967494444414
0.7002254381324305
0.7003428376082218
0.7005396081943704
0.7002742928687973
0.7004978729016853
0.7005111141638323
0.7003592951129182
0.700395506439787
0.7003456263831167
0.7009770888270754
0.700215038627085
0.7002242008845011
0.7005955486586599
0.7002864720845463
0.7003620586009941
0.7002598679426945
0.7003180414739282
0.7003735087134622
0.700307800914302
0.7003864128180225
0.7004711513567452
0.7002489115252639
0.7005920145246718
0.7002335166690326
0.7005220440903095
0.700713974658889
0.7004658483495616
0.7003087792733703
0.7006234520613545
0.70039622049139
0.7005018369115964
0.7003533767931389
0.7005242103278034
0.7003698824632048
0.7002674425491179
0.7010081013043722
0.7002917877351394
0.7004911833339267
0.7000279456678064
0.700339594272652
0.7001765021170029
0.7005944474778995
0.7005076336138176
0.7002216926728836
0.7004922140728344
0.700251210217524
0.7005724389143665
0.7002720808742022
0.700126714778669
0.7003176218331463
0.7008286937318667
0.7002639108233981
0.7003820460252087
0.7003386116991139
0.7003918139621464
0.7004321867769415
0.7004462396255647
0.7007263688125995
0.7003085866118922
0.7003833428777829
0.7009275555610657
0.700246477367902
0.7006379733181963
0.7004902724063757
0.7004484672739049
0.7004842354793741
0.700473215242829
0.7003550848575554
0.7000088956620958
0.7003051439921061
0.7004062635730012
0.7001588242222564
0.7005559157843542
0.7007533040913668
0.7002051364291798
0.7005774445003934
0.7004901616260258
0.700224362238489
0.7004508779506491
0.7003354755314913
0.7002379996608002
0.700242554298555
0.7004311337615504
0.7005235378188316
0.7003210078586232
0.7004249288578226
0.7004002892609799
0.7002521789435184
0.7003518926976907
0.7003640418100838
0.7003008067005813
0.7002741622202324
0.7002394747252416
0.700973118194426
0.7004979132401823
0.7006418361808314
0.7002104496715045
0.7002812593874305
0.7004702482560669
0.7003948875147887
0.7003038850697604
0.7004319164488051
0.7008763322926531
0.7004513337154581
0.7002245488792959
0.7004853252208594
0.7002609480511058
0.7005579369236724
0.7004519327722415
0.7003046009275649
0.7003344441905166
0.7003979050751888
0.7003632254070706
0.7004172699620025
0.7004956223747947
0.7005553992107661
0.7005071989213577
0.6999775887739779
0.7006042075879646
0.7004066193946684
0.7003578459373628
0.7001222552675189
0.700678841032163
0.7011776277513215
0.700069997647796
0.7005798660143457
0.7009595211106118
0.7001703140711544
0.6999995840920342
0.7002220250139333
0.6999019300094759
0.700710947465415
0.6999082474997549
0.7005481695888018
0.7003288533952501
0.7002153992652893
0.7004098332289493
0.7004550906142804
0.7002133215316618
0.7004620908486723
0.7009285838917049
0.7007334918686838
0.7006877708916712
0.7002311866692822
0.7003161738617252
0.7002589829040297
0.7004397740267744
0.7003470635173297
0.7004295449064235
0.700405888485186
0.7003973409382984
0.7002696852491359
0.7004583237147091
0.700324170517199
0.7003602277148854
0.7003784420514347
0.7002570081238795
0.7002377299347309
0.7003040307700031
0.7005372288251164
0.7004203405043091
0.7005109859235359
0.7003198651352314
0.7000213006530145
0.7008022328819892
0.7004328972161419
0.700577953849176
0.7001610639119389
0.7005340059598287
0.7003949916724003
0.7008563111526798
0.7010792770771065
0.7000780135694177
0.7005565660168426
0.7006574995589979
0.7002369647074227
0.7001999755098363
0.7003979526384913
0.7004826261539652
0.7006932605396617
0.7002664924872042
0.7007667825679587
0.7001679925003437
0.7000070726028597
0.7004297995808149
0.7001528980756047
0.7003404931588606
0.7002079486846924
0.700562105636404
0.7004705661475056
0.7005257919581249
0.6999672759662975
0.7004518129608848
0.7003971386437464
0.7004022218964316
0.699915521674686
0.7005850034530716
0.7004856533474393
0.7004778945084774
0.7001292187758167
0.7002096206250817
0.7003667378666425
0.7003960200030395
0.7004310476659524
0.7002985218558648
0.7006321079803236
0.7002853961906048
0.7004504914235588
0.7004087109758397
0.7004253075580404
0.7001107786640977
0.700387038365759
0.7004276634466768
