0.6279493982743736
0.6711236081942163
0.7297543148801784
0.7080263272680417
0.7167830894691776
0.7268285046924244
0.6894541304520886
0.7064953795587173
0.714340414663758
0.6918049767763927
0.7140829129652544
0.7100467410954562
0.7147984179583463
0.6994553178247779
0.7407630977004466
0.694959039639945
0.7167138126161363
0.711795799057893
0.6921631561385261
0.7100152939256995
0.7052609932543051
0.6968008418275853
0.7072894651480396
0.7054391093928405
0.7082499355980845
0.7016070671755859
0.700189324340435
0.7039228298447349
0.7011201875378387
0.7040810735538753
0.7009106729969834
0.7011115821925077
0.7070748769875729
0.6971748302681278
0.713895543657168
0.6992013129321012
0.7030298625579988
0.6992508841283394
0.7046749814592227
0.6999989525236264
0.7097029938842311
0.7077186793992014
0.696610754788524
0.7092452356309602
0.7122409729042438
0.7032891831012688
0.701904433544236
0.7081673181418217
0.6997758836457224
0.7095271234560494
0.6981719924946024
0.7042053227472787
0.703078588452002
0.7049676890325065
0.7031498081756361
0.7055448305727255
0.7166004174887531
0.7087654369045989
0.7072819543607307
0.7102085484398736
0.7049934195749687
0.7151946407375913
0.7145913797195511
0.6987902997720121
0.7067704935266514
0.7031961276073648
0.714523014396128
0.7154508106636278
0.7124263788714553
0.7232691964717827
0.6973395010437629
0.7061840048944107
0.7011101805802548
0.7209272101672008
0.7000066427269367
0.7035432578337313
0.7200679730887365
0.6996821520304439
0.7081700268417898
0.7158583601315817
0.7012370878999884
0.706752496536332
0.7015070397444446
0.7033893544264515
0.7039646241399977
0.7075689507253242
0.7092175664323749
0.7105113990379103
0.7106698811656297
0.7171428408285584
0.7013169292247656
0.7117363419195618
0.7035798099305894
0.7019020806659352
0.7034245277896072
0.7047843511658486
0.7029596579195273
0.7051917892513853
0.7074197633097871
0.6995842547127695
0.7011432713932462
0.7080772850248549
0.7034260100788541
0.7071696387396919
0.7069456902417269
0.7050554017827968
0.7081107021582247
0.700236484859929
0.702634041357522
0.7063522627859404
0.709062215053674
0.702033296980039
0.702868209944831
0.7037613765157834
0.7009538219432638
0.7215889469541684
0.6889240783874435
0.7067773089264379
0.7021153033381761
0.6991805091048732
0.7032464188758774
0.7013617772044558
0.6988459349882723
0.7061806525846924
0.7017940818661391
0.7074126721632601
0.7036960004556059
0.700338318492427
0.7048929110921994
0.7062922571644639
0.6972924326405381
0.7021077991736056
0.7029799927364696
0.706331710020701
0.7044254276487563
0.7054666979144318
0.7011037896377872
0.6978202389948296
0.6983454865638656
0.7068160645889513
0.7014074536285015
0.703396216185406
0.7047748601797855
0.7042464535645764
0.7056083360103645
0.7077334745965823
0.7077435772828381
0.6983069067049508
0.6987513761327724
0.7006127852382082
0.70375178739278
0.702674849466844
0.7024061818315526
0.7053450117207537
0.7033659285969205
0.7100819018152025
0.7018513444698218
0.7028167609012488
0.703766016045002
0.7034108133027048
0.6955851611464915
0.6988104377130065
0.7060787388772676
0.7018218991732357
0.7003865272107751
0.7072182809463655
0.7026494374178877
0.704671789299358
0.7035044534037812
0.7058103710714013
0.7002941472361787
0.7029647797045081
0.7040716734799471
0.7051718301243253
0.7101008025082675
0.7014248810633265
0.7023049635116501
0.7011904445561495
0.7039175442974976
0.6974739618975707
0.706732365820143
0.7016830028909625
0.6973435312810571
0.7041196817099445
0.7002008749981119
0.7072055363895917
0.704063118106187
0.7040839658843147
0.7010212083055516
0.6996486584345499
0.7039343046419548
0.6985938163718792
0.7054918390331846
0.7024086328467938
0.709140030422596
0.6953831056151727
0.7069243439520249
0.7004343795053887
0.7052289271595502
0.7046893371476067
0.7044527283822647
0.6997210160650388
0.7021543467887724
0.7062584300233861
0.7027239414176556
0.7097656341514202
0.7017950355404555
0.7037220531039767
0.7033302043423508
0.7020547420087487
0.7022428229601696
0.7094953252811624
0.7014511414248534
0.7061316449232776
0.7066408323519158
0.7024350172341473
0.7021057407061259
0.7081194869195572
0.7145764436384644
0.7031812005572848
0.7099214593569437
0.6999806629286872
0.702256259292063
0.7044430808587507
0.7113380919803273
0.6987800965405474
0.6990142079314801
0.7003842616322065
0.7013398854419438
0.7027079830266009
0.7024798200588034
0.7050981623957856
0.7010078652940616
0.6970600678463175
0.7036263382796085
0.7057712210549248
0.7002462786857528
0.705997954715382
0.6986214289761553
0.7025479915166142
0.7057258251941565
0.7079817405854812
0.6991745925912953
0.7051302296946748
0.7066189652741558
0.7059412038687504
0.7023771959121781
0.7051194617242524
0.7000787643471149
0.6992267310017287
0.7098537761755664
0.6964094404018286
0.7016983267032739
0.6994738458382963
0.7012923684987155
0.7069396256196379
0.7006417838009921
0.7001086961139332
0.7026539198075882
0.706556544159398
0.695118324323134
0.7039974584723964
0.703087406327026
0.7000947769242104
0.7010528186354974
0.6991717231394065
0.7037975143904638
0.6995688731020148
0.7069456216060754
0.6995763628169743
0.7039342793551359
0.7033011317253113
0.7059157075303973
0.7011845870451494
0.7040171370361791
0.7052995351829914
0.7012972452423789
0.6963358804433033
0.7067584076313057
0.698596366728195
0.6996881570478882
0.7058312363094754
0.70069003225577
0.6972604502331127
0.6988490169698541
0.7051167572387541
0.7019609857087183
0.701455375762901
0.6988058776566477
0.7065632234920155
0.7048673027693623
0.7021857650593074
0.7035889487073879
0.7032809076887189
0.7040796749519579
0.7015323819536151
0.7012898873801183
0.7029045802174192
0.7018387094892636
0.6980625938887548
0.7056133735059488
0.7013127707471751
0.7066557142469618
0.6996379482625711
0.700685481832485
0.7064878946602947
0.7023009681942487
0.6987340787444452
0.7030473056465688
0.7052899310083101
0.7036210587530425
0.7049729956520928
0.7029132084413008
0.7060403625170389
0.702853156460656
0.7020380569226814
0.704244507683648
0.7017365073916888
0.702840673803079
0.7026074944120465
0.7077027667652477
0.6969501400234723
0.7121574415100945
0.7092662531920154
0.7022992083520601
0.7053590097812691
0.6987647396145444
0.6999756392806468
0.6996669901741875
0.7024584635339602
0.7012190493670377
0.7040927127154186
0.7025245223382507
0.7008918012031401
0.7007158404648907
0.7007669264620001
0.7037497331397702
0.6980692172291303
0.7022735103212222
0.704716247139555
0.7001781234837542
0.701823252620119
0.6994860425139918
0.7060969544179512
0.7003274632222725
0.698697152161839
0.706351364501799
0.704131604445101
0.6958629139746079
0.7020144035117795
0.7053085956910644
0.7001133892271254
0.7023870830584054
0.7011698418193393
0.7005843122800192
0.7047510646810435
0.7030577864309754
0.7041725865518204
0.7021177320769338
0.7063225772645738
0.6983114179938731
0.7017240903594277
0.7030686585590092
0.697392645508352
0.7050659090581567
0.7006068332026704
0.699065417954416
0.7049799718038
0.7004712789949744
0.7053759796450837
0.6986107868377609
0.7023560157930008
0.7046235920202852
0.6979815622772834
0.7017883592181735
0.7032846453213932
0.699965588372163
0.7040670459920709
0.6980397671160071
0.7027344173855252
0.7034182476274895
0.6964337307997425
0.7036376396814982
0.7030983224059596
0.7065808008415531
0.7027880302583328
0.7020640842842333
0.7044387748747161
0.7024978905013113
0.7045218920466876
0.7004978331652555
0.7019738928236142
0.7010451573314089
0.6997873421871301
0.7035621055448898
0.7009794995038197
0.6990037710979732
0.7006556650604865
0.7044999864366319
0.6991875629232387
0.7035938663916155
0.6989270990545099
0.7009910507635637
0.7046100563473172
0.69866526247275
0.7026477016583837
0.698039710521698
0.6987296655924633
0.7040818140964316
0.699906663461165
0.7026815161560521
0.697405872320888
0.7031711761397544
0.6988704981225909
0.7050474069335244
0.700391370840747
0.7037145110091778
0.7009018039462542
0.6982483749437813
0.7016114189167215
0.7022000960629395
0.6994783306362653
0.7065832060996933
0.7083403498235376
0.7002375059657626
0.7001491502077892
0.7035066876748596
0.7057642695879696
0.6980637101211933
0.7052562050145081
0.7006798663524666
0.7022443594354572
0.6980554437396502
0.7053472833199934
0.7001914014719953
0.6991713492557255
0.7054285792389301
0.6980168897696216
0.6990362074640062
0.7017830754771377
0.7042246491017968
0.7005316940220919
0.7037424246470133
0.6978331154043024
0.7055264741483361
0.6993663654182897
0.7049668419240701
0.7007339873699227
0.7003582655781447
0.7032232272504556
0.7057374739887738
0.7047289525619661
0.6973590616023901
0.7009655526190093
0.7004960901809462
0.7033339877321263
0.7042499076236378
0.7041052790603253
0.7076736586262481
0.705175741754397
0.7042335795633721
0.7003650990399447
0.7061524072078743
0.6986145304911064
0.7046245697772864
0.6989188001613424
0.6988163849320075
0.7051606804433496
0.7005468323977306
0.7033651344703905
0.7066969450074013
0.696128122734301
0.700431734022468
0.7008129063278737
0.6996965974268287
0.6988340628267539
0.708619844431829
0.69685503208276
0.7018102154587255
0.698372417628163
0.7053128342435817
0.6959614615247707
0.70434883146575
0.7022186571901495
0.6996671719984575
0.6995874324230232
0.7003976660545426
0.701871010390195
0.7013647478036206
0.7019060290221012
0.6972050329651496
0.7022957681405424
0.7003709083855755
0.7031650025435169
0.7025918870261221
0.7070799150852242
0.7051083511776395
0.6994905435677731
0.7067370462899256
0.7017110080430002
0.7011034296016501
0.7054140146332558
0.6993186407619052
0.6984710693359375
0.6995019051763747
0.7004826315725693
0.7015298996308837
0.6976690737888066
0.7014274019183535
0.7030337314413051
0.7009034728763079
0.6992026073764069
0.7030657421458851
0.6996338505937596
0.6992266244358487
0.7021995222929752
0.7002765650701042
0.7012963319065595
0.6995116080900635
0.7005338993939486
0.7041262328022658
0.7010274824469981
0.7002295785480075
0.7049171978777106
0.6993832943415401
0.700409714621727
0.7032588925024476
0.6986280751950813
0.7064101099967957
0.7051465174164435
0.7052556228156042
0.7053616305794379
0.7051871388849585
0.7007841383567964
0.7028194473247336
0.6967106003953953
0.70420277299303
0.7000853985246985
0.6995552651809923
0.7020873319018971
0.7034542379957257
0.7039644621839427
0.6977322787949534
0.6991822099444842
0.7035857860488121
0.6988667616940508
0.6989026322509303
0.7041762928770046
0.7026122549567559
0.698982298374176
0.7020029690530565
0.7031101753013302
0.7034493510169212
0.7019304958256808
0.706297147755671
0.6962751691991632
0.7032738635034272
0.7029220997685134
0.7042714134611264
0.6984313919086649
0.6989034721345613
0.7024127690479008
0.70159912109375
0.6998574209935737
0.7026428977648417
0.698734432157844
0.7050867128853846
0.7006995954898873
0.7041463587019179
0.6994897163275516
0.6999505962988343
0.6997868436755557
0.701385791855629
0.7010979279123172
0.7039183697315178
0.70082188676102
0.6981889430922691
0.6980540186467797
0.7076147060201625
0.6968055517986568
0.7035753413884327
0.7011246301911094
0.7013022712986878
0.7015577416227321
0.6995099963563861
0.7005055227664986
0.7013578685847196
0.7039573204637778
0.6985368656389641
0.7008474992983269
0.7007882143511917
0.7092884483963552
0.7082060232306971
0.6975885798232724
0.7017253245970215
0.7013128833337263
0.7087290726526819
0.6945863450416411
0.6997298267152574
0.7037834735831829
0.7048558731271763
0.7018390514633872
0.7006592250833608
0.7000072472023241
0.6978607713574111
0.702759659651554
0.7013889171860435
0.7035971681276957
0.7025036203740823
0.7026700865138661
0.6993366251088152
0.7022327654289476
0.697575756395706
0.7049298509202823
0.6991207930776808
0.701554369444799
0.7021277239828398
0.7021458492134557
0.7013035795905374
0.7017605876681781
0.6983167721767618
0.702771894257478
0.6979177756742998
0.7037721535172126
0.7031325234307183
0.7027759907221554
0.698321227473442
0.7042301580159351
0.7005588737401095
0.7066192085092718
0.7090236201430812
0.6933601637079259
0.7007402627155034
0.7043695004299434
0.7029791468321674
0.7014609719767715
0.70048775757202
0.7024537872786474
0.7031767753639606
0.7006082004970975
0.7001449411565607
0.7021465349679041
0.7000648319119155
0.7004260794080869
0.7018092647947446
0.7017771956896541
0.7012413083904921
0.6992299683166273
0.7007288986986334
0.7035228664224799
0.7019346302205866
0.6999263932006528
0.7002699290863191
0.703170303142432
0.7002205186420016
0.70001087586085
0.6981123896560284
0.701481556049501
0.7021481250271653
0.7027973707276162
0.6974590125710073
0.7013795737064246
0.7010348505443997
0.6999517239705481
0.7048931549293826
0.7058543129400774
0.7027378883024659
0.6992600554167622
0.6990232726540229
0.7041909200976594
0.7029545252973383
0.7000243597560458
0.6995750816181453
0.7081236405806108
0.7011137713085521
0.7016487699566465
0.6979752652572863
0.7041213867640255
0.6991602122181594
0.6977204710546167
0.7032810208773372
0.6961868381259417
0.7028795619203587
0.7009873137329564
0.6998648902382514
0.7063136726918847
0.7024571811309969
0.7006857256696681
0.701335669767977
0.7006451198548982
0.7039518127537737
0.69741797989065
0.7017396947350165
0.7008018674272479
0.7040874235557787
0.7015657978828507
0.7006559269596832
0.7020075369362879
0.7013120657265789
0.7018535209424568
0.7000859747029314
0.6995509134398566
0.7030965252356096
0.7016995404705857
0.7026807274481263
0.7000862341938596
0.7043029858608438
0.6998908664240981
0.699676118715845
0.7002038660675588
0.6999454486249673
0.7027554578251309
0.6991713739404775
0.7014677235574434
0.7009586980848601
0.700164900885688
0.6987421681182553
0.7020037162183511
0.7017557705291594
0.7011648699490711
0.700387812624074
0.7009336057335439
0.7015382208005346
0.699246868340656
0.7025761881259956
0.7070967049309702
0.6990202587060254
0.6970052881674333
0.7046233728678539
0.6991896846077659
0.7039309517301694
0.7003073884983255
0.7030710084269746
0.7048510620088289
0.7020176402246109
0.7020078831248813
0.7054063972800669
0.701751172542572
0.7032260515473105
0.6998659041192796
0.6990168383627227
0.6996041512248492
0.6995460397065288
0.7036881079577436
0.7014343762638593
0.6993717298363195
0.7018227733746923
0.6983907842876935
0.702404175141845
0.6989473471737871
0.6982044150130917
0.7027750195878925
0.7001939530324455
0.6989176146911852
0.7038476184161022
0.6984079257406369
0.7023421513913858
0.7006715018339832
0.697953229600733
0.7030423464197101
0.703925067728216
0.6972837839463745
0.702688536258659
0.700876012595013
0.7021080996050979
0.701543254081649
0.6997726469328909
0.7014566376955822
0.6981968018743727
0.703831819572834
0.7012535044641206
0.7041427288392578
0.6979109500393723
0.7054492205080359
0.7016968757215173
0.7012181637263057
0.6977307639940821
0.7009793279146908
0.7007315188947351
0.700663210165621
0.7067747218440278
0.6996989575299349
0.7006736253247117
0.699966899072281
0.7014674562396426
0.6995978228973619
0.7006304589184847
0.7004374307815475
0.6989237846750201
0.7017733237960122
0.7009140006219498
0.6982925160966739
0.7013608325611461
0.7029791113102075
0.7015096135813781
0.69872399472227
0.7029776525015783
0.7014514352336074
0.6980196020819924
0.7007328265845173
0.7009878357251486
0.7012081061950838
0.7045439590107311
0.6996461092823684
0.698881345565873
0.7021351227856646
0.7000925962371055
0.702688172008052
0.7014126211705835
0.7019878481373643
0.6988357130927269
0.702951826230444
0.6985437605116103
0.6998375323083665
0.7025583729599462
0.6993444610123682
0.7045710779199696
0.6987658522345803
0.7028657390613748
0.7008187812988205
0.7015113354933382
0.7023539988681523
0.7000038720140553
0.7027440167436696
0.6985436093927634
0.6991802261333273
0.7027950371154631
0.702005305073478
0.699985495721451
0.7018797096579966
0.7015344337983564
0.7007807758119371
0.6996059893357633
0.7026264818027766
0.7022999645483614
0.6989087697231409
0.7030027821810558
0.6976558891209689
0.7028872617567429
0.7007771483575455
0.7015061318272292
0.7004432654139972
0.6974120970928308
0.7024042305320201
0.6986171344313958
0.7024139292312391
0.699870127620119
0.7030601049914504
0.6984307368596395
0.6989461532746902
0.7003636077196911
0.7010619501874904
0.702800270282861
0.6967063943545023
0.7011311680379541
0.7007126681732408
0.7008030426622641
0.7003781638964258
0.700178760470766
0.6999041907715075
0.7013881802558899
0.6984011308111325
0.7020501819523898
0.7017316866402674
0.6998572072597465
0.7003144296732816
0.700460222032335
0.6989899151252977
0.7040027705105868
0.7019874610082067
0.7002927546549325
0.6980403438963071
0.7004152801301744
0.7015132621081188
0.7037729705222929
0.6971489690771007
0.7004659428740992
0.7034030460348033
0.6972330772515499
0.701556622379958
0.7021833224730059
0.7009703805952361
0.7034195113663722
0.7007594536049198
0.700576612443635
0.7036181802701469
0.7013756626784199
0.7011926035688381
0.7014683448907101
0.7012905291836671
0.7016805687336006
0.7020556625693736
0.7034109427471353
0.69755792376971
0.6990114257793234
0.7018684955558392
0.7012666578244682
0.6999954165834369
0.7012632398894338
0.6997560437279519
0.6984301046891646
0.701403016995902
0.6991673864499487
0.7020239914306486
0.7003622602934789
0.7027240816992942
0.702167733149095
0.6980636168007899
0.7026333845022953
0.7016448041405341
0.702082938016063
0.7060745250095021
0.6982864593014573
0.7045073370740871
0.7074771625827058
0.7020706468158298
0.6986883999121309
0.6980493056653726
0.7004464894834191
0.7051871774172542
0.6996734274758233
0.7006143042535493
0.6985493856247025
0.6993853353490733
0.7039370554866213
0.7000112744292828
0.6989091171158685
0.7050826525447345
0.6983447622771215
0.7017583859087241
0.6993285435618777
0.7002541772042862
0.6976978393516156
0.7037359271386657
0.6991420508635164
0.7004851795206166
0.7011884529181202
0.7003324043871176
0.7017045412400756
0.6974369197180776
0.7036376764075924
0.6986308218252779
0.7027365143853005
0.7003960952614293
0.6999533194484133
0.7008343369069726
0.7014562547808946
0.6999730437692969
0.7065215291398944
0.6993649957155941
0.7003254914524579
0.7017977063101951
0.7027450005213419
0.6980156988808603
0.701840796855965
0.699914362695482
0.7031074082008516
0.7038410962230027
0.7017554418005124
0.6994441302135738
0.6982725509489426
0.7011194421787454
0.703378606324244
0.7007597817314996
0.698981250175322
0.6987504194481204
0.7037908061586245
0.7028619574778008
0.6992681712815256
0.7035591415684632
0.7010730456824255
0.6992580583601287
0.70297861761517
0.6958696745862865
0.7001603667182151
0.7019799767118512
0.700355959059012
0.7020333415330059
0.7003290821807553
0.6997709370622731
0.7005883226490984
0.6994834891473404
0.7024634492517722
0.701750939542597
0.6976989050104161
0.7024264118888162
0.703143075259045
0.6986965296244381
0.6993719411618782
0.7008548830494736
0.6996454054659064
0.6988488772902826
0.7005984163043475
0.7029725409517384
0.7002318092066833
0.698307601490406
0.7012135284115569
0.6994574762353993
0.7025494960823444
0.7004878557089603
