0.6531058900135079
0.6798472339959488
0.6761624521201419
0.6979341067604183
0.7198606339312091
0.714534602521621
0.723000005655682
0.7272436861524877
0.7210041542643124
0.7108941385426473
0.7204247040232432
0.7122803493258879
0.7121751793881053
0.7103106397943398
0.7061236113617101
0.704617423187826
0.7071080524282357
0.7027370683925668
0.7012860043761656
0.7000481231310933
0.7024638400864356
0.7013393877093325
0.6996617252679215
0.6981887473273523
0.6989748189129781
0.6999107221352685
0.6992469534431536
0.7004355032419421
0.701561204244181
0.7013701682852715
