0.634413106693435
0.5858198677756122
0.6759603367638343
0.5942960197163611
0.5839825484556022
0.637145861829679
0.6608087030268207
0.6577555773798952
0.6920055734742548
0.6989793829696694
0.7167100046098847
0.7163609128022931
0.7128031035673987
0.7013298657137094
0.7110887532381668
0.6964360678318849
0.6967021497254519
0.7171307983472175
0.7191914498191518
0.6997061122938529
0.6909089626110706
0.6900513442521242
0.6923945072999934
0.6872232061685976
0.6946747908272695
0.6981239822721973
0.6975128576927578
0.6900413054780862
0.6858091901258095
0.6925637107534507
