11.846851691558317
6.172782682844457
0.00047037082579126757
67.08618930913123
5.298791880953396
0.34934829922793675
0.0024218972994892087
0.014982529143544603
0.2118401596041594
6.531682393461357e-16
4.866939800493927e-14
0.03845711332801808
5.290624244545815e-20
0.0014025070404085503
444.25326853799527
28.769886853313054
0.017674633773833826
0.018387410289888988
0.02242064644376272
0.630386992288348
0.06645019914184339
0.014119049070285262
0.4386080367693091
0.035341742913400004
0.02605332969549333
0.03575183144655299
0.01574638769197766
0.16190598898083094
0.004035307944523576
0.00030804669967260417
