60.22049421122856
101.05721948206026
11.594045840587812
1558.799894298866
519.0989896980758
338.4428868637871
129.54231946492934
120.31893006550897
120.38001868896878
56.79007630495681
56.26908646416418
95.23590440356854
88.48891696733298
86.54773122256564
1529.2870796931159
588.2720472001538
103.42463559219517
120.96837259076305
201.84108100969766
318.1355944761296
464.03720391656935
536.9171542924704
392.70739673339216
244.4601799483152
207.1053581237793
208.20836509625937
270.06074063802504
376.07020804808315
477.0057763168492
590.8239656428701
