0.693551319776122
0.7128817589627099
0.706003260059455
0.7018991533628444
0.7010253022626504
0.7019044882857922
0.7007350383960095
0.7000306869290539
0.699032335858984
0.6960691609947952
0.6975041867531452
0.698422655002358
0.6996495493294037
0.6979626392580799
0.6990359640613044
0.6982239530873053
0.6981355670801143
0.698346280560051
0.6974498134912904
0.6965584592106416
0.6991258463294235
0.6973005520928767
0.6982801258563995
0.6975608978074851
0.6996929922054723
0.6977953127364522
0.6986916181967431
0.6967325868065825
0.6977014636870512
0.6974010995982849
