0.6492819961198827
0.7204340195532927
0.7145770594631273
0.6918039644501873
0.6945311132165575
0.6957669033832157
0.6975576005031153
0.7041700135186776
0.6970676235931436
0.705353575576212
0.7077891998684284
0.7100954676411816
0.7095172460546199
0.7058273409445261
0.7004363711961766
0.7014817008652638
0.703322366955354
0.7001252112929354
0.7022195691914902
0.7014856550496879
0.7028373956065816
0.6987475823495806
0.7000394475828741
0.7093694879836643
0.708415331299772
0.6999978890124056
0.7091929460923696
0.6975026742084739
0.707769428024587
0.6991924198017907
