0.7015838681422558
0.7146816941880688
0.7024550047731891
0.7053183228084722
0.7012507297943548
0.699664475377073
0.7002474681003806
0.699604156705522
0.6980693988578835
0.6974729324124523
0.6984939479950777
0.6984201946209386
0.6980487338660919
0.6979422510899219
0.697513475860517
0.6981507223291495
0.6974405151667055
0.6980004077105179
0.6974276970956743
0.6973706450044495
0.6970175255819694
0.6969738421366387
0.6972649235700824
0.697133530046522
0.6973199245241499
0.6978566093543142
0.6970932078115719
0.6976330934726086
0.6968160412975193
0.6970470314173355
