0.6533080124363457
0.70908619632426
0.7047854778692895
0.6943775562895942
0.6986972923131333
0.698181798470389
0.7042438854876253
0.6967185422317269
0.7073716361498096
0.6980105552476706
0.6983316651324636
0.700901331975288
0.7022493481636047
0.6972890708249869
0.6993043266006351
0.6992269757482195
0.6990050513719775
0.7007284056894558
0.696498943051112
0.7062009499245083
0.7092207031151683
0.703329617215186
0.705715797918359
0.7009647298104984
0.7052703035860947
0.706253859185681
0.7022286260250917
0.7006954440136546
0.7019203953521768
0.7003854980173799
