0.6977098424410083
0.7107726065153929
0.7021369476293781
0.7008306952481417
0.7012129017372721
0.7003791971304982
0.6999264672859428
0.70115290566818
0.6990127345335853
0.6994023965191596
0.6974425687617862
0.6963512144752384
0.699430556948652
0.6955013582386922
0.6970061493903091
0.6950846366661111
0.700224009064055
0.6985427476081651
0.6972955763339996
0.6943455658008143
0.6959649050973126
0.6962920285991787
0.7001354417850062
0.6972053945064545
0.6959731541958052
0.6977408162711822
0.6956717685325858
0.6979742544828001
0.6982228998670873
0.698673990276671
