0.6445222993179694
0.7077220853456517
0.7048775375503855
0.7016982390094049
0.6903888475649136
0.7007731285291848
0.6991517380955293
0.7091321567284692
0.7097642535401374
0.7018249738462192
0.7172882096054628
0.7048915971800224
0.7252141059059458
0.7133858606372911
0.7265789647077777
0.7139113526983359
0.730803565266206
0.7238400977911409
0.7177510676310235
0.7101494024709328
0.7138274809748856
0.7159585083268353
0.7077358085470101
0.711268285807875
0.705359629134542
0.7096022290667308
0.7032651968838013
0.708357675173848
0.7171444312198875
0.706803889311466
