0.6476134760211213
0.7122047380967573
0.716214682116653
0.7109646225216413
0.7028662044592578
0.7082929912239614
0.7090509762667646
0.7047553321327826
0.7149414913822906
0.7074938386377662
0.7043937474790246
0.7060241663094723
0.7033144687161301
0.696904516581333
0.6984500156508552
0.7057698531584307
0.6965568758020497
0.7089691469163606
0.7005990352293457
0.7051971584859521
0.7010787966275456
0.7076468726601264
0.7024040252271325
0.6971083861408811
0.703517603151726
0.7003200132437427
0.7025799980067243
0.6999081728434322
0.7008487178821756
0.6987909313404199
