0.6587066081437197
0.7080172029408541
0.7774465282758077
0.7133046208005963
0.6940185343376314
0.7448009041824726
0.712559689777066
0.7365062465571394
0.7296131451924642
0.7169870776359482
0.708258842579042
0.7089055451479825
0.7288510733180575
0.6972936421933801
0.7551566163698832
0.7146730091836717
0.7262491860775032
0.7390855057070954
0.7103702468101425
0.7386680991962703
0.6967041323883365
0.7245917669450394
0.7092056081752585
0.700794032125762
0.7129269772105746
0.6977591225595186
0.6994917284358632
0.7083645035522153
0.7048521090035487
0.7064170301562608
