0.03939907950320348
0.008592595562300425
0.017347501428226567
0.054501023425567015
0.1999603313077049
0.16681667475855536
0.08995091449469328
0.27222534425595063
0.3372825520862009
0.15079117073802298
0.11888654616939806
0.3185927680856788
0.19801158419589407
0.2870373247748183
0.470905690578763
0.27626641778294575
0.091653320400678
0.3119762691947603
0.08803624616571001
0.03560013124316009
0.22264436524860637
0.2767635049759266
0.26794475866193623
0.19793445793623776
0.10266740445393263
0.18204047246692107
0.37009895293368505
0.7390125799424869
0.2601699997315702
0.24084875801789393
