0.0842904945728657
0.0032655094520995373
1.365335458299126
0.22201660315424548
2.46527844753366
4.598321048629269
0.30558986293053564
1.1558503134934635
4.940668767356534
0.40033629638083323
1.1539912217287058
4.117174700209775
0.843939325901843
0.6507625193479135
2.5195774270087172
0.2531222839648931
0.042045532908175406
9.108036171529712
0.09259995748949017
0.020455763948908478
4.03510552031809
0.5146459969355888
1.801304541734652
0.1415927526745081
0.01892163096681074
0.03480492188317999
0.5322984928396031
10.134724181798315
0.0659324800518831
0.22615034886895075
