0.7149241225621135
0.7039084197934141
0.7032268790854621
0.7019223890353724
0.702446862287128
0.7041847198894343
0.7069289109756037
0.7013227389645331
0.702775895902791
0.6997668226969611
0.703379740420076
0.7048825928845357
0.7053243782102447
0.703184645200513
0.7030462115695796
0.6986835767927858
0.7001896955303311
0.6993482798030696
0.6983816725077089
0.6998113473666083
0.6992930883599311
0.7037410843618137
0.7032711677944538
0.7011833839195291
0.7057978175964552
0.6996447188952535
0.7007642747815123
0.7024384921359033
0.700778352538335
0.6991266079784668
