0.8410850578976661
0.7573913252845252
0.7284338299146632
0.722489863326869
0.7323256749467751
0.7327722990021264
0.7427771430961865
0.716507226920005
0.7174689874206621
0.7129771712514543
0.7268146259575775
0.7386913010754537
0.7289227171964252
0.7249203195276949
0.7215807932553832
0.7045715626367589
0.7089508848706472
0.7051063014059952
0.7014051202646235
0.7089458894483822
0.7064595804693773
0.7173945771664688
0.7167761536295881
0.7117881777974748
0.7215885149756658
0.7067846895493183
0.7094717168623639
0.7173163771014852
0.7103287878724718
0.7050803558728129
