0.5576781398549522
0.2379375485338501
0.11875870647196918
0.07191291175897896
0.038396958410547875
0.022795558391023697
0.013918094610622557
0.009698178901183466
0.007027739705157841
0.005665839283688704
0.005047786514906059
0.0038186013173508774
0.0030595341741741088
0.003079589271045424
0.0022914654375161955
0.0019486282874719653
0.001769754611082932
0.0015533916233947558
0.0016552750195992256
0.001433845899864724
0.0013065588245433563
0.0007863744960803198
0.0013219700128136481
0.0009834857194890873
0.0007238013978289037
0.0008767743010392543
0.0008554937694779508
0.0007826774884979948
0.0009661536842031637
0.0007948939325718495
