0.8822072761267731
1.886688632448924
2.635323351191491
3.1405410901787354
3.682093182789911
4.169474282215551
4.633312012731414
5.032600228319463
5.329812743000148
5.553659230163417
5.8020043336239056
5.977837665793822
6.263764270802134
6.346711618384135
6.611222508027382
6.67068130945422
6.905047529751492
7.036320828899894
7.115066707748728
7.289452304545137
7.446148866230679
7.79402107061799
7.590765911279266
7.696608302519493
8.11727561901525
8.069791194089909
8.170127697826661
8.201621276816143
8.32450004213864
8.229376574152523
