0.7059312368694105
0.7018271895279562
0.6992085737393314
0.6984341567321529
0.6962034419963234
0.6962994945079163
0.6965861218913755
0.6959838649085291
0.6955074445346842
0.6953809467473424
0.6953925321574199
0.6963109040917609
0.6951883239554881
0.6953325888566804
0.6963266933472234
0.6953318260964894
0.694852750552328
0.6963475327145187
0.6966374362620494
0.6949582833395267
0.6947090035691895
0.69331596563932
0.6965181126929166
0.6966135046237094
0.6949829554796817
0.6951698566737928
0.6970460695730415
0.696261029046281
0.6951949227423895
0.6963449833088351
