0.6786024119322163
0.6894762426390684
0.6959310097801954
0.6988111233950259
0.696830994204471
0.6996451783598515
0.6963390882750203
0.6977114108272064
0.6975666822347426
0.6971529075376371
0.7005143522618708
0.7076032942996586
0.6984819989455374
0.6997305909195042
0.7016154977313259
0.7037172059068704
0.6981170574824015
0.7031667363972294
0.7030933139318213
0.7072820010639372
0.7115802274909533
0.7089684034947464
0.7082094414192334
0.7104952221825009
0.70210873169409
0.7094033270850217
0.7067977157152984
0.707981892994472
0.6996499712305858
0.7030761292703768
