0.03885170317509394
0.01936060787399405
0.027921375471104858
0.042714068064821364
0.06164813487665709
0.1418360106589407
0.20071091367527075
0.16475409345182868
0.07302347865416524
0.3439164657299359
0.27340894876067173
0.3916415081349845
0.14725553221309307
0.2899507185847489
0.02846745133025514
0.22234753722843437
0.10412098065057059
0.1348502618673536
0.13126636800577038
0.17171501587193036
0.10404223412006479
0.23951123674044905
0.13692113200740255
0.19652852270099305
0.2104479993127056
0.38300310724328473
0.27645375264674116
0.1821869786675136
0.36285628025064764
0.1752057568813415
0.2184496454356872
0.25915035847382445
0.2083164427583058
0.13259898257662647
0.06571586022979205
0.16137389254938697
0.12859878974208205
0.2144455555442375
0.12063414141650974
0.1872199739992004
0.1745422743644911
0.13298372131263472
0.1505130429646557
0.12168430894152406
0.07829574871923506
0.13945532670801447
0.1474273856441231
0.12981560755252225
0.08462804756559354
0.15361473032455777
0.09482677772487562
0.15465150717837908
0.18313235327716648
0.13297408289208854
0.060986458155873814
0.05847672855999974
0.12565918848609803
0.041360789924360736
0.09763939705552514
0.07211062220434092
0.13812561109590046
0.124652775983835
0.10634341516253568
0.12363733389635675
0.13188790485800542
0.07553722180867779
0.09583166052500919
0.12132128821589898
0.06466528518874314
0.07956093304176076
0.10200444348732528
0.09047537734828044
0.07604836980745043
0.11687647295904528
0.06857018260592498
0.23843992376680842
0.106367500940549
0.15853408654940496
0.16049793005450486
0.1359299153627194
0.11334176054320384
0.1310538985747268
0.14044509259455829
0.08617778609209147
0.023119516266850736
0.09579062108286493
0.09439693407405206
0.08975056417108773
0.10397269223356433
0.021200940946654714
0.04921919125199471
0.08816794138947819
0.09845296815805829
0.2528375289162871
0.06851044127275956
0.1052282785459124
0.06867886952018921
0.07009194649218284
0.0801917753223157
0.036499272269249615
0.06668455743701342
0.05734162347285634
0.05931369616102773
0.024647202914623908
0.08566132774000469
0.02674457734959565
0.12702356959625924
0.02436489289261631
0.030817251210521004
0.03696125626717646
0.09618634087532836
0.08770259627088252
0.08186677779483888
0.08439790387637913
0.0576279106659133
0.022303124413868777
0.0720634804534505
0.09616763987722471
0.08946466283661496
0.21971155244127377
0.18215500512976468
0.08099671695909473
0.05400258135626611
0.07232470830095951
0.13366520544994123
0.08752006525653847
0.0897945488410637
0.05953245793022791
0.050377239664889314
0.07456504353850159
0.1040259914259071
0.11147588221884343
0.11506252571431555
0.1332837083405748
0.10967550842456289
0.19939181769324332
0.06954092318888216
0.09277865920844727
0.12977264349147216
0.14456950342666702
0.0736062124601959
0.12809530852756165
0.15215564734715314
0.16953539341380916
0.06455143059354237
0.153156201945637
0.11300739036397721
0.07140073061143
0.1255135811366064
0.1804104143580825
0.11505638597144256
0.0806772943547706
0.09137997024370953
0.03727676789756365
0.08925413625247623
0.05733560605608311
0.13383122481712975
0.15632905418979792
0.04784057106817929
0.07969815122712519
0.1974828269947128
0.09321256722059562
0.061458436346171215
0.0294757476268509
0.1471716313594088
0.17199328832673966
0.06241762887244833
0.08699812579266343
0.07108724545375396
0.2728091191318001
0.06381836768297344
0.1433129480550277
0.08552828371601622
0.029575161833901766
0.11401793991513166
0.07337593329895153
0.04675116555491635
0.03837598505107081
0.051563816461904145
0.08422792373589941
0.06240786473985675
0.018169136959747364
0.11895860225615121
0.10086172956915707
0.09869694962291066
0.07848271194691818
0.05557820882129761
0.14074398257491208
0.09106178755257471
0.16421835317958108
0.012480627157921994
0.0035747067138931317
0.015403125395058635
0.022423753384068684
0.016059414341388096
0.01570357205934304
0.011140410785356863
0.03735605899104128
0.026690582123095382
0.09276788107829995
0.057988095727326716
0.03423301093808385
0.042759405726269274
0.08475831118484325
0.044708768048650135
0.027101717520860436
0.02221837605548599
0.016735681724499372
0.01192299485927899
0.006950205523776042
0.020954964471232032
0.011503706845313403
0.0213099705450208
0.0795351519912767
0.0026310267042240457
0.010725909247937416
0.015455216546319412
0.009085848350221887
0.023605588140667023
0.025113739756466438
0.030410536424468088
0.06765066083405435
0.1298005799378854
0.038423859726423974
0.05482402942191387
0.1346089493725737
0.05190828037460229
0.05303029719855368
0.03513340729819227
0.04451502927041315
0.09849956225046945
0.04642887067136153
0.10381520707544285
0.11538663908320758
0.14796788875282424
0.021027758735239255
0.02101039514965714
0.02222292643333257
0.045496880691306495
0.008887268535489188
0.009565489855864969
0.010137716940719365
0.05355948952000262
0.10699456696849816
0.04307147630636782
0.01611787996297767
0.029631156343534665
0.07132056842140432
0.009940664648404225
0.03575505943760065
0.022780067446406392
0.018964205543599427
0.014914766292012124
0.04878428441558763
0.07878735479802738
0.054416591587198
0.0682773245954598
0.02870106453075405
0.03495323670853695
0.007942192798734525
0.006806097242569541
0.04005928517027624
0.024728620197436744
0.0389224353072968
0.027094033818731576
0.035312839207652304
0.09241181015071205
0.01860483355934794
0.018755510284987845
0.014970135571931359
0.013850285184987312
0.026312310896473623
0.006612460884312408
0.025461601017801493
0.0070606964531110105
0.0018998122780657224
0.00226312030510186
0.02768098193674754
0.0018643724390210654
0.00860322143677136
0.01287067209056293
0.007475171873721527
0.0013464440761211888
0.00739685253953662
0.004752831070814142
0.007634141955668852
0.02931054147266718
0.0696381638138603
0.038903961489193103
0.018135543254212495
0.025728073049753428
0.013089673500328046
0.0415407762365314
0.027383955558593933
0.04642484081427797
0.06731186779086915
0.04633854501088601
0.023662187234221324
0.006585752132402198
0.008330044688675828
0.02019960615601206
0.01605253910391409
0.024053084023987523
0.04857998775479086
0.01496924962567888
0.01569478913299144
0.02400381203330381
0.032069225016664524
0.02667096621877773
0.03974111792667452
0.01682379065337936
0.06609202868043512
0.04833108239753781
0.025392343817619588
0.020771242239807742
0.145467929970221
0.05926325535413703
0.08268528874272231
0.024596244265655653
0.04890909897686779
0.051500877189046716
0.03213634842541069
0.02893438461817532
0.050302018091015366
0.07505555825365573
0.08567991448112058
0.02323063879198672
0.013881614250515002
0.017388122497707336
0.0394524962103628
0.05367532699157666
0.03369088858376814
0.025414934758756086
0.015099145237012139
0.022540921698799645
0.042493359393682616
0.03505509612018473
0.03823748904822836
0.03059292435478035
0.034052312488129996
0.01898973512558684
0.0152376768529984
0.01471201968449828
0.038096061624471364
0.06131709739325818
0.0737262969223312
0.10052339372359523
0.039075136125284564
0.0741913100637342
0.03750161450271034
0.02272404428360235
0.02456925281013852
0.05809396136211157
0.024748852938688455
0.016084037791066274
0.02961047959739592
0.03029486045454984
0.04946975754909985
0.03930888449040421
0.0074341715170675405
0.011226737634486424
0.004757089002316544
0.012992923350353035
0.006124148539508975
0.0070073293317523405
0.012817201263954199
0.02280170074904088
0.027210206082018726
0.034541334475170986
0.021749512316597885
0.013814320296622794
0.01339821505600937
0.04472937232205049
0.035006310239004586
0.03129656525981641
0.02996260274715299
0.07909080911710974
0.09552247860689753
0.038313542462233695
0.054681370008410404
0.05969027074812383
0.03533814600566834
0.014912530591038713
0.025197310154758318
0.00583832728434291
0.014065528682960538
0.019701789002658527
0.03717467086397912
0.034584668122126044
0.022554992889633196
0.02939909887104055
0.009908639069457534
0.006168037242796626
0.012788233285729015
0.03286726084614614
0.01912221885478297
0.011043325292796242
0.026065898144656083
0.028261274517755043
0.01022346019348821
