0.12972941464197235
0.1046737582916658
0.49241043045185506
0.12387457182532821
0.3239195452899235
4.0038488771761624
2.4338124137925052
4.0838648594616425
0.39848693705538346
5.387756912684015
3.733433057554066
1.4960011244828324
0.2570789009266648
3.862667702419261
0.009922509173173746
5.942925126210051
1.0440912811960497
0.24422392691515588
0.8472973784867173
0.6953454283784688
0.37105614218629496
0.5946732445940442
2.7847699820308054
1.507656435125457
0.6558382540515032
4.984420277385915
0.29259445727716554
0.4019929553248881
2.0205981825003114
0.277238855973731
0.7330748042194941
0.5355123971617713
1.6114403873528402
0.606702916836606
0.2235876930608731
0.5397093961760642
1.6907000382594073
0.7614496536546905
0.5310263098913639
0.4942564503469783
1.6344423799333472
2.228026887466747
2.769210306862753
0.8147195951614683
0.32580451315782544
0.5708556077179029
1.4469521720401617
1.2707119399643283
0.0831181742847998
2.1028739959103553
0.20740111299476
1.9522980021735288
1.1705689625129716
0.7743847292671509
0.18574853910323144
0.4388573139886577
0.5480923706812054
1.466129117263673
1.0745969428194773
0.2540863026353559
6.497644359245896
3.5943840895137344
0.34521761290925873
0.4530564867987384
2.7040435605016797
0.46340236654052824
1.5084930164391444
3.4278944596533
0.2596768012087907
0.21476405249013247
1.7164715396608228
1.0264639109181068
1.3689074121426417
0.6369273812738145
0.07058289641633902
4.746819277925563
1.5760623856797784
0.7148371031243815
2.030179570611451
0.27089246685500257
0.073742309017989
0.34647572460283105
3.3557065220636115
1.6107822923138546
0.6929131000750991
0.4212802609593654
1.4439350003313596
0.18834850116898863
3.2754533789744698
0.3873536543387766
0.21636288813177315
1.178585964854964
0.3420428532276533
5.133208895897098
0.10023227146767877
0.2593786622205628
0.1406745818938868
0.5358535464199625
0.5848497753339092
0.5973175275193517
0.3019249973842738
1.6962601735626262
0.2692298506740325
0.754889125862008
1.693580367254662
0.5968552583103935
3.9602851591322907
0.046450361668341676
0.2724586642389582
0.12526418735690456
2.057338855381926
3.011539034637299
1.2534469163636341
0.6550750092747398
0.9996611367612261
0.09029778687954135
0.640753473322934
0.2114583636887885
0.24949549219436637
1.3430060210929387
1.7384224426716604
3.8540770490579552
0.13348600706301592
1.7015121722358073
2.4563055933385933
0.19589285026022388
0.9696038762241309
0.5986864502970421
1.6055459525741003
0.3462325350307024
0.8697122204598741
0.7607730160736312
1.6018381914571636
0.46653642642989973
0.3517427438998039
0.25865218752230634
0.08788993948297671
0.2925028678929294
0.18118910492681684
0.7261560368399644
0.046645379891245835
0.665238790930501
2.353199511848471
0.4957853157502916
0.9386227796401483
1.3408378718091045
1.2416338090131962
0.193144739009908
0.2176860539892511
0.37794314924976713
0.7978660474488147
0.13314565040690066
1.4225715501665241
0.1331909589044727
0.37219348279162207
0.18594138478770736
0.11932661951630638
0.2329985696391616
0.5914075098117088
0.18499038846823976
1.2260612835239748
0.6593738530537314
0.5337706726523279
0.0564674284112923
5.630741365357139
1.1076718605622726
0.043259409157266435
0.1094251500860279
0.38228734197312986
1.3639765228950724
0.2739492788849058
1.9165809039631378
2.141269855326061
0.619386643008089
0.47277572285743985
1.1625729401634295
0.8674298321573812
1.8226114945517617
0.246187712046673
0.20637464573061978
0.5289868989421689
0.4026489753081684
2.4037092931024904
0.933763357216389
0.30145463478777285
0.8343203782536612
0.18975853350521674
0.30798241810234966
1.494249412381887
1.2039171761278658
0.4240458774375585
0.2864965532051841
0.25702268262177747
0.10664532176541769
0.45196537660991715
0.15704685653747089
0.19587426643204137
0.8437547256486336
0.192138565075475
0.768247424348981
0.556589674402314
0.38987182938646736
0.14877154007953106
0.6763231695182588
1.6251832939476167
0.18619864266516117
1.372704097617072
0.16829111273422237
0.10488405254887612
0.24548472529812496
0.23214365762588696
0.355676131449531
0.3950019987229501
0.4357611690621323
0.1805840317620752
0.2276482715359282
0.32474088926376493
0.34403663014365954
0.10878476319550559
0.5390146333212993
0.23709709201498347
0.25843625771973955
0.3387007355851291
0.33379687104288397
0.18550867400210153
1.208082323964536
2.416156310667332
0.4985711610572684
1.82398956460571
0.3684312440803006
0.8490292658848141
0.47850760037545115
0.7035838248044719
0.2531810392375916
0.6119147736128221
0.1941366328089138
0.20425529867046557
0.0497873820946577
0.15652113699086878
0.2160338945092739
0.6322482701640915
0.0930070351937023
0.6070035599963315
0.41148422564211
0.22789290153196845
0.40567429939833394
0.15674782340583895
1.1791582402653786
0.32791143810837386
3.048298084952379
3.6839681345189788
0.055820284484352015
0.36653725787236346
0.13705929727958982
1.194757975578805
0.23340446322254724
0.3287271176670953
1.0736366773321842
1.1332532581697714
0.3524289171801899
0.04223851602525719
3.51760131474147
0.7392469544581696
0.7280804989139484
0.8569043866611328
0.1695610502488439
1.0406799580319728
0.5806659802601046
0.2228426219912235
0.5173508261340027
0.11130884297794998
0.8497366663520093
0.053785701210425446
0.4329771475645662
0.2111367863274699
0.3099120588320279
0.23774991708942064
0.8881042317712771
0.6241964768119079
0.23782912827367061
0.5866827972954396
0.9387826747933076
0.5574649176056276
0.0804832253993716
0.41932812917403894
0.5082645047849322
1.9273190782294645
3.1586348297489693
0.21919140186054925
0.4148506425395521
0.4016362671290875
0.3910237288639353
0.9700017725741211
0.6083272930664918
0.568849932510424
1.0108877563320722
0.5223896075187121
0.11060165967936292
0.3434381913585761
0.661240322617907
0.2819096292945351
0.10981852684359562
0.3912299157168444
0.1967057267377889
0.8130918400311953
0.44915132065471347
0.3757368082140967
0.40029796109440174
0.026150329205148547
0.29606431342776635
0.5378073503300186
1.9027699500958413
1.8762287042189614
0.6472221642921261
0.05791901926119415
0.8975851097685182
0.5786285536008794
0.34069975833504546
0.7915161048029441
1.3168903701907626
1.9234416266574896
0.2228155186212444
1.039341768705892
0.28720664791230494
0.7308071790942346
0.9029151649231693
0.25639321542994853
0.1755422765143512
0.4088458151642963
2.8197744820984827
0.6499885448153238
5.926035392598445
0.37801591779006954
2.7420256601966986
0.5649063486769255
0.9669415153804559
0.14086573313134115
1.0974719849928736
0.34270635155469314
0.22503377230937405
0.6348104016372876
0.1556256231907008
0.8505293636196688
0.32569082588639553
0.5016105771424806
1.413819402416601
0.3971982325236981
2.5357329444767736
0.3205972280315503
0.24358970406090932
0.3578966896580031
0.10141929658899827
0.9412537135045549
1.1480743731616592
0.16303529860651345
0.23255767137939964
0.5895689747315926
0.40680461601763457
1.9920588555705387
0.024525333778334223
1.2658749250341812
0.4085605506969438
0.20619354404934523
1.1936783045410304
0.08501995275570697
0.8741691132464936
0.9246765036671348
0.17540166442883495
1.7197887347505758
1.0726502493589882
1.589936854815053
0.051806407455687105
0.2968766022078657
1.1315627443231204
2.26757612247234
0.29397505827580195
3.025163291445984
1.1753781768664378
1.8207143225764721
0.7808517719692373
1.2130447246909328
0.4774279194833357
0.6444733274855157
0.13791530942445704
0.8434585746300897
0.3205317802639737
0.290208801519745
0.9836763488104778
0.6916554880945958
1.3653537120612689
0.3260367290556942
0.5245179201178637
0.5120162216984325
0.16560543161667135
0.6610541044390573
1.2772928538968522
0.22208039796878815
0.3368746875187747
2.2788364221224144
0.07960950127364727
